0405year accrucy : 0.688622772693634true positive:0.717948717948718trade > 20avg profit of 0405 is 119.48717948717949profit of 0405 is selection count is 39[[  0   0 123   0   0   0   0   0   0 126 158   0   0 117 121   0   0   0
    0   0   0   0   0   0  94   0   0   0   0   0   0   0   0   0 115  66
    0   0   0   0   0   0   0   0   0 151   0   0  61   0   0 123   0 131
   91  97   0   0   0   0   0   0   0   0   0 122   0   0   0   0   0   0
    0 117   0   0 148   0   0   0   0 128   0  90   0   0   0 121   0 125
    0   0   0   0 109 103   0   0  81   0   0  92   0   0  52   0   0   0
  155   0   0   0   0   0   0   0   0   0   0 425 117   0   0 137   0   0
    0   0   0   0   0  31 127   0 145   0   0   0   0   0 113   0   0   0
  136   0 106   0   0   0   0   0   0   0   0   0   0  69   0   0 113 124
    0   0   0   0   0]]0506year accrucy : 0.5449438095092773true positive:0.8275862068965517trade > 20avg profit of 0506 is 140.75862068965517profit of 0506 is selection count is 29[[  0   0   0   0   0   0   0   0 137  80   0   0   0   0  50   0   0   0
    0   0 196   0   0   0   0   0   0   0   0   0   0   0   0   0   0   0
    0   0   0   0   0   0 134   0   0   0   0   0   0   0   0   0   0 204
    0   0 133 168   0 181   0   0   0   0 175   0   0 158   0 216  73   0
    0   0   0   0   0   0   0   0   0   0   0 166   0 121   0   0   0   0
    0   0   0   0   0   0 105 177   0 205   0   0   0   0   0   0   0   0
    0   0   0   0   0   0   0 105   0   0   0   0   0   0  86   0   0   0
    0   0   0   0   0   0   0   0   0   0   0   0   0 137   0   0 149 124
    0   0   0   0   0 167   0   0   0   0 172   0   0   0   0   0   0   0
   72   0   0   0   0   0   0 116   0 157   0 118   0   0   0   0]]0607year accrucy : 0.8095238208770752true positive:0.20689655172413793trade > 20avg profit of 0607 is 82.6896551724138profit of 0607 is selection count is 29[[  0 123   0   0   0   0  61  57   0   0   0  66   0   0   0  57   0   0
    0   0 142   0   0  41   0   0   0   0   0   0   0   0   0   0   0  66
   57  17   0   0   0   0   0   0   0   0   0   0   0   0   0   0   0   0
    0   0   0   0   0  85 123   0   0   0  54   0   0   0   0   0   0   0
    0   0   0   0   0   0   0   0   0   0   0  71   0   0   0   0   0   0
    0   0   0   0   0   0   0   0   0   0   0   0   0   0   0   0   0   0
    0   0   0   0   0   0   0   0   0   0   0   0   0   0   0   0   0  47
    0   0   0   0   0   0   0  78   0   0   0   0   0  52   0   0  43   0
    0   0   0   0   0   0   0   0 111   0   0   0   0   0   0   0   0  27
    0   0   0 394   0   0   0   0   0   0   0   0   0   0  85  72  70  66
    0  83   0 122   0   0  44  84   0]]0708year accrucy : 0.5135135054588318true positive:0.7941176470588235trade > 20avg profit of 0708 is 136.0profit of 0708 is selection count is 34[[  0 100   0   0   0   0   0   0   0   0   0   0 162   0 164 116   0   0
    0   0   0   0   0   0   0   0   0   0   0   0   0 158   0 147   0   0
    0   0   0   0 115   0   0   0   0 147 163   0   0   0   0   0   0 149
  134   0   0   0 182   0   0   0   0   0   0  89   0   0   0   0 144   0
    0 180   0  79   0   0   0   0   0   0   0   0   0   0 133   0 133   0
    0   0 132   0   0 124   0   0   0   0   0   0   0 127   0   0   0   0
    0   0   0   0   0   0   0   0   0   0   0 127   0   0   0   0   0   0
    0   0 162   0   0 228   0  81   0   0   0   0   0 132   0   0   0   0
    0   0   0   0 175  78   0  65   0   0   0   0   0   0   0   0   0 157
   87   0   0   0   0   0   0   0   0   0   0   0   0   0   0   0   0   0
  173   0 149 132   0]]0809year accrucy : 0.7135416865348816true positive:0.8421052631578947trade > 20avg profit of 0809 is 152.31578947368422profit of 0809 is selection count is 38[[172   0 142   0   0   0   0 200   0   0   0   0   0   0   0   0   0 152
  225   0   0   0   0   0  98 160   0   0   0 176   0   0   0   0   0   0
    0 163   0   0   0 121 130   0   0 124   0 110   0   0   0   0   0   0
    0   0   0   0   0   0   0   0   0   0   0   0 107   0   0 186   0   0
    0   0 156 144   0   0   0   0 203   0   0   0   0   0   0 148   0   0
  344 147   0 131   0   0   0   0   0   0   0   0  64   0   0   0   0   0
    0 103   0   0   0   0   0   0   0  94   0   0 126 136   0   0   0   0
  145   0   0   0   0   0 270   0   0   0   0   0  71   0   0   0   0   0
    0   0   0   0  87   0 202   0   0   0   0   0   0   0 134   0   0   0
    0   0 132 168   0   0   0   0 270   0   0   0 151   0   0   0   0   0
    0   0   0   0   0   0   0   0  96   0   0   0]]0910year accrucy : 0.7716894745826721true positive:0.5trade <  20avg profit of 0910 is 104.1profit of 0910 is selection count is 20[[  0   0   0   0 100   0   0   0   0   0   0   0   0   0   0   0 104   0
    0   0   0   0   0   0   0 171   0   0   0   0 129   0   0   0  50  66
    0   0   0   0   0   0   0   0   0   0   0   0   0   0   0   0   0   0
    0   0   0   0   0   0  69   0   0   0   0  75   0  51   0   0   0   0
    0   0   0   0   0   0   0   0   0   0   0   0   0   0   0   0   0   0
    0   0   0   0   0   0   0   0   0   0  86 120   0   0   0   0 106   0
    0   0   0   0   0   0   0   0   0   0  61   0   0 130   0   0   0   0
    0   0   0   0   0   0   0   0   0   0   0 108   0   0   0   0   0   0
    0   0   0 258   0   0   0   0   0   0   0   0   0   0   0   0   0   0
    0   0   0   0   0   0   0   0   0   0   0   0   0   0   0   0   0   0
    0   0   0   0   0   0   0   0   0   0   0   0   0   0   0   0   0   0
    0   0   0   0   0   0   0   0 114  67   0   0   0   0   0   0 116   0
    0   0 101]]1011year accrucy : 0.7531914710998535true positive:0.35714285714285715trade > 20avg profit of 1011 is 102.03571428571429profit of 1011 is selection count is 28[[  0 118   0   0   0   0   0   0   0   0   0   0   0   0   0   0   0   0
    0   0   0 102   0   0   0   0   0   0   0   0   0   0   0   0   0  90
    0   0   0   0   0   0   0   0   0   0   0   0   0   0   0   0   0   0
    0 150   0   0   0  90   0   0   0   0   0   0   0   0   0   0   0   0
    0  95   0   0   0  99   0   0   0   0   0   0   0   0   0   0   0   0
    0   0   0   0   0   0   0   0   0   0   0   0  94   0   0   0 103   0
    0   0   0  77 106   0   0   0   0   0   0   0   0   0   0   0   0   0
    0   0   0 194 114   0   0   0   0   0   0   0   0   0   0   0   0  99
  174   0   0   0   0   0  55   0   0   0   0   0   0   0   0   0   0   0
    0   0   0   0   0   0   0   0   0   0   0   0   0   0   0   0   0   0
    0   0   0   0   0   0   0   0   0   0   0   0  77   0   0 121   0  74
   83   0   0   0   0   0  54   0   0   0 101 156   0   0  78   0  62   0
    0  95   0   0   0   0   0   0   0  65   0   0   0 131   0   0   0   0
    0]]1112year accrucy : 0.7991803288459778true positive:0.45454545454545453trade > 20avg profit of 1112 is 96.5profit of 1112 is selection count is 22[[  0   0   0   0   0   0   0   0   0   0 128   0   0   0   0   0   0   0
    0   0   0   0   0   0   0   0   0   0   0   0   0   0   0   0   0   0
    0   0   0   0   0  79   0   0   0   0   0   0   0   0  80   0   0   0
    0   0   0   0   0   0   0   0   0   0   0   0   0   0   0   0   0   0
    0   0   0   0   0   0   0   0   0   0   0 119   0   0   0 152   0   0
    0   0   0   0  94   0   0   0   0   0   0   0   0   0   0   0   0   0
    0   0   0   0   0   0   0   0   0   0   0 116   0   0   0  17   0   0
  114   0   0   0   0 103   0   0   0   0   0   0 120   0   0   0   0   0
    0 102   0   0   0   0   0   0   0   0   0   0   0   0   0   0   0   0
    0   0   0   0   0   0   0   0   0   0   0   0   0   0   0   0   0   0
    0   0   0  86   0  70   0   0   0   0   0   0   0   0   0  91   0   0
   89  87   0   0   0   0   0 108   0   0   0   0   0   0   0   0   0   0
    0   0   0   0   0 116   0   0   0   0   0   0   0 104   0   0   0   0
   83   0   0   0   0   0   0   0  65   0]]1213year accrucy : 0.7398374080657959true positive:0.5757575757575758trade > 20avg profit of 1213 is 117.0profit of 1213 is selection count is 33[[125   0   0   0   0   0   0 187   0 101   0   0   0   0   0   0 114   0
    0   0   0  84  63   0   0   0   0   0   0   0   0   0   0   0   0   0
    0   0   0   0  73   0   0   0   0   0   0   0  81 130   0   0   0 110
   93   0   0   0   0   0   0   0   0   0   0   0   0   0   0   0   0   0
    0   0 121   0   0 119   0   0   0   0   0   0   0   0   0   0   0   0
  109   0   0  91   0   0  41   0   0   0 257   0   0   0 124   0   0   0
    0   0   0   0   0  81   0   0   0   0   0   0   0   0   0  55   0   0
    0   0   0   0   0   0 110   0   0   0   0   0   0   0   0   0   0 158
    0   0   0   0   0   0   0   0   0  86   0   0   0   0   0   0   0   0
    0   0 117   0   0   0   0   0   0   0   0   0   0   0   0 128   0   0
   93   0   0   0   0   0 177   0   0   0   0  95   0   0   0   0   0   0
    0 103 263   0   0   0   0   0   0   0   0   0   0   0   0   0   0   0
    0   0   0 159   0   0   0   0   0   0   0   0   0   0   0   0   0  73
    0   0   0   0   0   0   0   0   0 140   0   0]]1314year accrucy : 0.7420634627342224true positive:0.6428571428571429trade <  20avg profit of 1314 is 120.3profit of 1314 is selection count is 14[[  0   0   0   0   0   0   0   0   0 100   0   0   0   0   0   0 142   0
    0   0   0   0   0   0   0   0   0   0   0   0   0   0   0   0   0   0
  124   0  85 133   0   0   0   0   0   0   0   0   0   0 120   0   0   0
    0   0   0   0   0   0   0   0   0   0   0   0   0   0  73   0   0   0
    0   0   0   0   0   0   0   0   0   0   0   0   0   0   0   0   0   0
    0   0   0   0   0   0   0   0   0   0   0   0 108   0   0  83   0   0
    0   0   0   0   0   0   0 142   0   0   0   0   0   0   0   0   0   0
    0   0   0   0   0   0   0   0   0   0   0   0   0   0   0   0   0   0
    0   0   0   0   0   0   0   0   0   0   0   0   0   0 171   0   0   0
    0   0   0   0   0   0   0   0   0   0   0   0   0   0   0   0   0   0
    0   0   0   0   0   0 188   0   0   0   0   0   0   0   0   0   0   0
    0   0   0   0   0   0   0   0 253   0   0   0   0   0   0   0   0   0
    0   0   0   0   0   0   0   0   0   0   0   0   0   0   0   0  84   0
    0   0   0   0   0   0   0   0   0   0   0   0   0   0   0   0   0   0]]1415year accrucy : 0.7689393758773804true positive:0.36trade > 20avg profit of 1415 is 100.16profit of 1415 is selection count is 50[[  0   0   0   0   0  95   0   0   0   0   0   0   0   0   0  88  95   0
   81   0   0   0   0   0 108   0   0  77   0   0   0   0   0   0   0   0
    0   0   0   0  89   0   0   0  83   0   0   0   0   0   0   0   0   0
  117  79   0   0   0  97   0   0   0   0   0 110   0   0   0   0   0   0
   85   0  98  97   0   0   0   0   0   0  98   0   0   0  96   0  94   0
    0   0   0   0   0   0   0   0   0 121   0   0   0   0   0   0  79   0
   76  86   0   0   0   0   0   0   0   0   0   0   0   0   0   0   0   0
    0   0   0   0  75   0   0   0   0 103  95   0   0   0   0   0   0   0
    0   0   0   0  97   0   0   0   0   0   0   0   0   0   0   0 135   0
    0 140   0   0   0   0   0   0   0   0   0   0  56   0  99   0   0   0
    0 103 112   0   0   0   0 187   0 133   0   0 150   0   0   0   0   0
    0   0  65   0  91  71   0   0   0 111   0  68   0   0   0   0   0   0
    0   0  85   0   0   0 167   0   0   0   0   0   0   0 136   0   0   0
   83  69   0   0   0   0   0   0   0   0   0   0   0   0   0   0   0   0
    0   0   0  75   0 108   0  88   0   0 149 108]]1516year accrucy : 0.6851851940155029true positive:0.5714285714285714trade > 20avg profit of 1516 is 130.53571428571428profit of 1516 is selection count is 28[[  0   0 102   0   0   0   0   0   0   0 151   0   0   0   0   0   0   0
    0   0   0   0   0   0  89   0   0   0   0   0   0   0   0 144   0   0
  107   0   0   0   0   0   0   0   0   0   0  87   0   0   0   0   0   0
    0   0   0   0   0   0   0   0   0   0   0   0   0   0   0   0   0   0
    0   0   0   0   0   0   0   0   0  64   0   0   0   0   0   0   0   0
    0   0   0   0   0   0   0   0   0   0   0   0   0   0   0   0   0   0
    0   0   0   0   0   0   0   0   0   0   0   0   0  28   0   0   0 276
    0   0   0   0   0   0   0   0   0   0   0   0   0   0   0   0   0  91
    0   0   0   0   0   0   0   0   0   0   0   0   0   0 102   0  92   0
    0   0   0   0   0  82   0   0   0   0 146   0   0   0   0   0   0   0
    0   0   0   0   0   0   0   0 276  91   0   0   0   0 181   0   0   0
    0   0   0   0   0   0   0   0   0   0   0   0   0 173   0   0   0   0
    0 114   0   0   0 118   0   0   0   0   0 101 106   0   0   0   0   0
    0   0   0   0   0   0   0   0 224   0  98   0   0   0   0   0 154 151
    0   0   0   0   0   0   0   0 124   0   0   0   0   0   0 183   0   0]]1617year accrucy : 0.8768116235733032true positive:0.4482758620689655trade > 20avg profit of 1617 is 106.62068965517241profit of 1617 is selection count is 29[[  0   0   0   0   0   0   0   0   0   0   0   0   0   0   0  73   0   0
    0   0   0   0   0   0   0   0   0   0   0   0   0   0   0 105   0   0
    0   0   0   0  90   0   0   0   0   0   0   0   0   0   0   0   0   0
    0   0   0  96   0  92   0   0   0   0   0 113   0   0   0   0   0   0
    0   0   0   0   0   0   0   0   0   0   0   0   0   0   0 119   0   0
    0   0   0   0  93   0   0   0   0   0   0   0   0   0   0   0   0   0
    0   0   0   0   0   0   0   0   0   0   0   0   0   0   0   0   0   0
    0   0   0   0 112   0   0 202 109 144   0   0 101   0   0   0   0   0
   76   0   0  90   0   0   0   0   0   0   0   0   0   0   0   0   0  54
    0   0   0   0   0   0   0   0   0   0   0   0 168   0   0   0   0   0
    0   0   0   0   0   0   0   0   0 137 121   0   0   0   0   0   0   0
    0   0   0   0   0  83   0   0   0   0   0   0   0   0   0   0   0   0
   81   0   0   0   0   0   0   0   0   0   0  45   0   0   0   0   0   0
    0   0   0   0 136   0   0   0   0   0 154   0   0   0   0 177   0   0
    0  74   0   0   0   0 100   0   0   0   0   0   0   0  62   0  85   0
    0   0   0   0   0   0]]1718year accrucy : 0.5265151262283325true positive:0.6739130434782609trade > 20avg profit of 1718 is 144.34782608695653profit of 1718 is selection count is 46[[  0   0   0   0   0   0   0   0 270   0   0   0 179   0   0   0   0   0
    0   0   0   0   0 231 143   0   0   0   0   0   0   0  79   0   0 289
    0   0   0   0   0   0   0   0 250   0 173   0   0   0   0   0   0 196
    0   0 131   0   0   0 184 189   0   0   0   0   0   0   0 224   0   0
    0   0   0   0   0   0   0  86   0   0   0   0   0   0   0   0   0   0
  139   0   0   0   0   0 129 144   0   0   0 141   0 106 138   0   0   0
    0  70   0   0   0   0   0   0   0   0   0   0   0   0   0   0   0   0
   85   0 166   0 136   0   0   0   0   0   0   0   0   0   0   0  98 203
  144   0   0 251   0   0   0   0 248   0  75   0   0   0   0   0   0   0
  105   0   0   0   0   0   0   0   0   0   0   0 212   0   0  65   0   0
    0   0   0   0   0   0   0  76   0 101   0   0   0   0   0   0   0   0
    0   0  98   0 137   0   0   0   0 131   0   0 100   0   0   0  81   0
    0   0   0   0   0   0 117   0   0   0   0   0   0   0   0   0   0 100
    0 115   0 126   0  78   0   0   0   0   0 101   0   0   0   0   0   0
    0   0   0   0   0   0   0   0   0   0   0   0]]