0405year accrucy : 0.7005987763404846true positive:0.6046511627906976
trade > 30
avg profit of 0405 is 126.76744186046511
profit of 0405 is 
selection count is 43
[[  0   0   0   0   0   0   0   0   0   0 158 115   0   0   0  99   0   0
    0   0   0   0  81   0  94   0   0   0   0   0   0   0   0   0   0   0
   88   0   0   0   0   0   0   0 157 151   0   0  61   0   0   0   0 131
   91  97  93 112   0   0   0   0   0   0   0   0   0   0   0   0   0   0
  109 117 102   0   0  99   0   0   0 128   0   0   0   0   0   0  99 125
    0   0  87   0 109   0   0   0   0   0 132  92  91   0   0   0   0   0
  155  76   0   0   0   0   0   0 122   0   0 425   0   0   0 137   0   0
    0 113   0   0   0   0 127   0 145   0 126 348   0   0   0   0  93   0
    0   0 106   0   0 159   0 109  96   0   0 183   0   0   0   0 113   0
    0   0   0   0   0]]
0506year accrucy : 0.5617977380752563true positive:0.84375
trade > 30
avg profit of 0506 is 152.9375
profit of 0506 is 
selection count is 32
[[  0   0 125 235   0   0   0   0 137   0   0 173   0   0  50 163   0   0
  182   0 196   0   0  76 107   0   0   0   0   0   0 237 160   0   0   0
  219   0   0   0   0   0   0   0   0   0   0   0   0   0   0   0   0   0
    0   0 133   0   0 181 185   0   0   0   0   0   0   0  89   0   0   0
  150   0   0   0   0   0 126   0 159   0   0   0   0   0   0 181   0   0
    0   0   0   0   0   0 105 177   0 205  87   0   0   0   0 182   0   0
    0   0   0   0   0   0   0 105   0   0   0 123   0   0   0   0   0   0
    0   0   0   0   0   0   0   0   0   0 100   0   0   0   0 228   0   0
    0   0   0   0   0   0   0   0   0   0 172   0   0   0   0   0   0   0
    0   0   0   0 146   0   0   0   0   0   0   0   0   0   0   0]]
0607year accrucy : 0.7671957612037659true positive:0.23255813953488372
trade > 30
avg profit of 0607 is 82.79069767441861
profit of 0607 is 
selection count is 43
[[  0 123   0   0   0   0   0  57   0   0   0   0   0   0   0  57   0   0
    0 108   0   0  59   0   0   0   0   0   0   0   0   0   0   0   0  66
   57  17   0   0   0   0   0 135 145   0   0   0   0   0   0   0  79  73
    0 201   0   0  43  85 123  40   0  70   0   0   0   0   0  54   0   0
    0   0   0   0   0   0   0   0   0   0   0  71   0  35   0   0   0  76
    0   0   0   0   0   0   0   0   0   0   0  90   0  73   0   0   0   0
    0  71   0   0 109   0   0  44   0   0   0   0   0   0   0 101  47  47
   83   0   0  65   0   0   0  78   0   0   0  40   0   0   0   0   0  40
   44   0   0   0   0   0   0   0   0   0   0   0   0   0   0  26   0  27
    0 136   0 394   0   0   0   0   0   0   0   0   0   0   0   0   0  66
    0  83   0 122   0   0   0   0   0]]
0708year accrucy : 0.5351351499557495true positive:0.8636363636363636
trade > 30
avg profit of 0708 is 145.6818181818182
profit of 0708 is 
selection count is 44
[[  0 100   0   0   0   0   0   0   0 187   0   0 162   0   0   0   0   0
    0   0   0   0 177  99   0   0   0   0   0   0   0   0   0 147   0   0
    0   0   0   0 115 111   0 125   0 147   0   0 218   0 127   0 143 149
    0   0   0 226 182   0   0   0   0   0   0   0   0 188   0   0 144 108
    0   0  94   0   0   0   0   0   0 214   0   0 104   0 133   0 133   0
    0   0   0 194   0   0  85   0   0 105   0   0   0 127   0   0 108   0
    0   0   0   0   0   0   0   0   0   0   0   0   0   0   0   0 140   0
    0   0 162 143   0 228   0  81   0   0   0   0 140   0 138   0   0 139
  193   0   0   0   0   0   0   0   0   0 132   0 204   0   0   0   0   0
    0  88   0   0   0 141   0   0   0   0   0   0 156   0   0   0   0   0
  173   0   0   0   0]]
0809year accrucy : 0.6927083134651184true positive:0.9
trade <  30
avg profit of 0809 is 146.43333333333334profit of 0809 is 
selection count is 30
[[172   0   0   0   0   0   0   0   0   0   0   0   0   0   0   0   0 152
  225   0   0   0   0   0   0   0   0   0   0 176  88   0   0   0   0 169
    0 163   0   0   0 121   0 114   0   0   0   0   0   0 131   0   0   0
    0   0   0   0   0   0 197   0   0   0   0   0   0   0   0 186   0   0
    0   0 156 144   0   0   0   0   0   0   0   0   0   0   0   0   0   0
    0   0   0 131   0   0   0   0   0   0   0   0   0   0   0   0   0   0
    0   0   0   0   0   0   0   0   0   0   0   0 126   0 114   0   0   0
  145   0   0   0   0   0 270   0 167   0 128   0   0   0   0 100   0   0
    0   0   0   0   0   0   0   0 113 123   0   0   0   0   0   0   0   0
    0   0 132   0   0 162   0   0   0   0   0   0 151   0   0   0   0 138
    0 126  73   0   0   0   0   0   0   0   0   0]]
0910year accrucy : 0.8264840245246887true positive:0.6
trade <  30
avg profit of 0910 is 129.43333333333334profit of 0910 is 
selection count is 20
[[  0   0   0   0   0   0   0   0   0   0   0   0   0   0   0   0   0 102
    0  51   0   0   0   0   0   0   0   0   0   0   0   0   0   0   0   0
  231  75   0   0   0   0   0   0   0   0   0   0   0   0   0   0   0   0
    0   0   0   0   0  99   0   0   0   0   0   0 158   0   0   0   0   0
    0   0   0   0   0   0   0   0   0   0   0   0   0   0   0  65   0   0
    0   0   0   0   0   0   0   0   0   0   0   0   0   0   0   0 106   0
    0   0   0   0   0   0   0  96   0   0  61   0   0 130   0   0 174   0
  119   0   0   0   0   0   0   0   0   0   0   0   0   0   0   0   0   0
    0 139   0 258   0   0   0   0   0   0   0   0   0   0   0   0   0   0
  135   0   0   0   0   0  82   0   0   0   0   0   0   0   0   0   0   0
    0   0   0 529   0   0   0   0   0   0   0   0   0   0   0   0   0   0
    0   0   0 159   0   0   0   0 114   0   0   0   0   0   0   0   0   0
    0   0   0]]
1011year accrucy : 0.7063829898834229true positive:0.4186046511627907
trade > 30
avg profit of 1011 is 110.13953488372093
profit of 1011 is 
selection count is 43
[[  0 118   0   0   0   0   0   0   0   0   0   0   0   0   0   0   0   0
    0   0   0   0   0   0   0   0   0   0   0   0   0   0   0   0   0  90
    0   0   0   0   0   0  86   0   0   0   0   0   0   0   0   0   0   0
    0 150  93   0   0   0   0   0 109   0   0   0   0   0   0   0   0   0
    0   0   0  91   0  99  83   0   0   0   0   0 103   0   0   0   0   0
    0   0   0  90 100  87   0   0   0   0   0   0  94   0   0   0 103   0
    0   0   0  77 106   0   0   0   0   0   0   0   0   0   0   0   0 119
    0   0 304   0 114   0   0 100   0   0   0   0   0   0 182   0 106   0
    0   0  50   0   0 120   0   0  94   0   0   0 160   0   0   0   0   0
    0   0   0   0   0   0 117  85   0  88   0   0   0   0   0   0  85   0
    0   0  57   0   0   0   0   0   0   0   0   0  77 253   0   0   0  74
   83   0   0   0   0   0  54   0 247   0   0   0   0   0  78   0  62   0
    0   0   0   0   0   0  91   0   0   0 105 152   0   0   0   0   0   0
    0]]
1112year accrucy : 0.8237704634666443true positive:0.6153846153846154
trade <  30
avg profit of 1112 is 112.5profit of 1112 is 
selection count is 26
[[  0   0   0   0   0   0 118 141   0   0   0   0   0   0   0   0   0   0
    0   0   0   0   0   0   0   0   0   0   0   0   0   0   0   0   0   0
    0   0   0   0   0   0   0   0   0   0   0 104   0   0   0   0   0   0
    0   0 123   0   0   0   0   0   0   0   0   0 190   0   0 186   0   0
    0   0   0   0   0   0   0 232   0   0   0   0   0   0   0   0   0   0
    0   0   0   0  94   0   0   0   0   0   0   0 114   0   0   0   0   0
    0  99   0  97   0   0   0 138   0   0   0   0   0   0   0  17   0   0
  114   0   0   0 119   0   0   0   0   0   0   0 120   0   0 166   0   0
    0   0   0   0   0   0   0   0   0   0   0   0   0   0   0   0   0   0
    0   0   0   0   0   0   0   0   0   0   0   0 117   0   0   0   0   0
    0   0   0   0   0  70   0   0  63   0  99   0   0   0   0   0   0   0
    0  87   0   0   0   0   0 108   0   0   0   0   0 111   0   0   0   0
    0   0   0   0   0   0   0   0   0   0   0   0   0   0   0   0   0   0
   83   0   0   0   0   0   0   0  65   0]]
1213year accrucy : 0.7520325183868408true positive:0.5294117647058824
trade > 30
avg profit of 1213 is 116.08823529411765
profit of 1213 is 
selection count is 34
[[  0   0   0   0   0   0   0 187   0   0   0   0   0   0   0  68   0   0
    0  52   0  84  63   0   0   0   0   0   0   0   0   0   0   0   0   0
    0   0   0   0  73   0   0   0   0   0   0   0  81 130   0   0   0   0
   93   0   0   0   0 116   0   0   0   0   0   0  92   0   0   0   0   0
    0   0   0   0   0 119   0   0   0  54   0   0   0   0   0   0   0   0
  109   0 102   0   0   0   0   0   0   0 257   0   0 114   0   0   0   0
    0  58   0   0   0   0   0   0   0   0   0   0   0   0   0  55   0   0
    0   0   0   0   0   0   0 115   0   0   0   0   0   0   0  91   0 158
    0   0   0 138   0   0   0   0   0   0   0   0   0   0   0   0   0   0
    0   0 117   0   0   0   0   0   0   0   0   0   0   0   0   0   0   0
    0   0   0   0 113 101   0   0   0   0   0   0   0   0   0   0   0   0
    0 103 263   0   0   0 134   0   0   0   0   0 221   0   0   0   0   0
    0   0   0 159   0   0   0   0   0   0   0   0  90   0   0   0   0   0
    0  97   0   0   0   0   0   0   0 140   0   0]]
1314year accrucy : 0.7658730149269104true positive:0.6071428571428571
trade <  30
avg profit of 1314 is 150.93333333333334profit of 1314 is 
selection count is 28
[[  0   0   0   0   0   0   0  77   0   0   0   0   0   0   0 238 142 234
    0   0   0   0 206   0  67   0   0   0   0   0  98   0   0   0   0   0
    0   0  85   0 100   0   0   0   0   0   0   0   0 152 120   0   0   0
    0   0   0   0   0   0   0   0   0   0   0   0   0   0   0   0   0   0
    0   0   0   0   0   0   0   0   0   0   0   0   0   0   0   0   0   0
    0   0   0   0   0   0   0   0   0   0 237   0   0   0   0   0   0   0
    0 138   0   0   0   0   0   0   0   0   0   0   0   0   0  74   0   0
    0   0   0   0   0   0   0   0   0   0   0   0   0   0   0   0   0   0
    0   0   0   0   0   0   0   0   0 245   0 358   0   0   0   0   0   0
    0   0   0   0   0   0   0   0   0   0   0   0   0   0   0   0   0   0
    0   0   0   0   0   0 188   0   0  98  84   0   0   0   0   0   0   0
    0   0   0   0   0   0   0   0 253   0   0   0   0   0   0   0   0   0
    0 150   0   0   0   0   0 288   0   0   0   0   0   0   0   0  84   0
   92   0   0   0   0   0 141   0   0   0   0 139   0   0 139   0 101   0]]
1415year accrucy : 0.8295454382896423true positive:0.35714285714285715
trade <  30
avg profit of 1415 is 100.53333333333333profit of 1415 is 
selection count is 28
[[  0   0   0   0   0  95   0   0   0   0   0   0   0   0   0  88   0 152
    0   0   0   0   0   0   0   0   0  77   0   0   0   0   0   0   0   0
    0   0   0   0   0   0   0   0   0  87   0   0   0   0   0   0   0  79
  117  79   0   0 137   0   0   0   0   0   0   0   0   0  87   0   0   0
    0   0   0   0   0   0   0   0   0   0  98   0   0   0   0   0  94  86
    0   0   0 140   0   0   0   0   0   0   0   0   0   0   0   0   0   0
    0  86 109   0   0   0   0   0  82   0  71   0   0   0   0   0   0   0
    0   0   0   0   0   0  70   0   0   0   0   0   0   0   0   0   0   0
    0   0  77   0   0   0   0   0   0   0   0   0   0   0   0   0   0   0
    0 140   0   0   0   0   0   0   0   0   0   0   0   0   0   0   0   0
    0 103   0   0   0   0   0   0   0   0   0 102   0   0   0   0   0   0
    0   0   0   0  91   0   0   0   0   0   0  68   0   0   0 126   0   0
    0   0   0   0   0   0   0   0   0   0   0   0   0 110   0   0   0 165
    0   0   0   0   0   0   0   0   0   0   0   0   0   0   0   0   0   0
    0   0   0   0   0   0   0   0   0   0   0   0]]
1516year accrucy : 0.7037037014961243true positive:0.6551724137931034
trade <  30
avg profit of 1516 is 139.63333333333333profit of 1516 is 
selection count is 29
[[  0   0   0   0   0   0   0   0   0   0 151   0   0   0   0   0   0 103
    0   0   0   0   0   0  89   0   0   0   0 107   0  96   0 144   0   0
    0   0   0  95   0   0   0   0   0   0   0   0   0 136   0   0   0   0
    0   0   0   0   0   0   0   0   0   0   0   0   0   0   0   0   0   0
    0   0   0   0   0   0   0   0   0   0   0 160   0   0   0   0   0   0
    0   0   0   0   0   0   0   0   0   0   0   0   0   0   0   0   0   0
    0   0   0   0   0   0   0   0   0   0  98   0   0   0  96   0   0   0
    0   0   0   0   0   0 170   0 228   0   0   0   0   0   0   0   0  91
    0   0   0 110 254   0   0   0   0   0   0   0   0   0 102   0   0   0
    0   0   0   0   0   0   0   0   0   0   0   0   0   0   0   0   0  94
    0   0   0   0   0   0   0   0   0  91   0   0   0   0 181   0 195   0
    0   0   0   0   0   0   0   0   0   0   0   0   0   0   0   0   0   0
    0   0   0 283   0   0   0   0   0   0 175   0 106   0   0   0   0   0
    0   0   0   0   0   0   0   0   0   0  98   0   0   0   0   0 154   0
    0   0   0   0   0   0   0   0 124   0   0   0 190   0   0   0   0 168]]
1617year accrucy : 0.8478260636329651true positive:0.4
trade > 30
avg profit of 1617 is 101.25714285714285
profit of 1617 is 
selection count is 35
[[  0   0   0   0 104 137   0   0   0   0   0  81   0   0   0   0   0   0
    0   0   0   0 111   0   0   0   0 107   0   0   0   0   0   0   0   0
    0  81   0   0   0   0   0  71   0   0   0   0   0   0   0   0   0   0
    0   0   0   0  78   0   0   0   0   0   0   0   0   0   0   0   0 101
    0   0   0   0   0   0   0   0   0   0   0   0   0   0   0   0   0   0
    0   0   0   0  93   0   0   0   0   0   0   0   0   0   0   0   0   0
   84 109 109   0   0   0   0   0   0   0   0   0   0   0   0   0   0   0
    0   0   0 125   0 108   0   0   0 144   0   0 101   0   0   0   0   0
   76   0   0   0   0   0   0   0   0   0   0   0   0   0   0   0   0   0
    0   0   0   0   0   0   0   0   0   0  91  90 168   0   0   0   0  92
    0   0   0 176   0   0   0  56   0   0 121   0   0   0   0   0   0   0
    0   0   0   0   0   0   0   0   0   0   0   0   0   0   0   0   0   0
   81   0   0  92   0   0   0   0   0   0   0  45   0   0   0   0   0   0
    0   0   0  72 136   0   0   0   0   0   0   0   0   0   0 177   0   0
    0  74   0   0   0   0 100   0   0   0  91   0   0   0  62   0   0   0
    0   0   0   0   0   0]]
1718year accrucy : 0.5454545617103577true positive:0.6888888888888889
trade > 30
avg profit of 1718 is 143.84444444444443
profit of 1718 is 
selection count is 45
[[  0   0 276   0   0   0   0   0   0   0   0 166 179   0   0   0   0   0
    0   0   0   0  73 231   0   0   0   0   0   0   0   0   0   0   0   0
    0   0   0   0   0 128   0   0 250   0   0   0   0   0   0   0   0 196
    0 141 131   0   0   0 184 189   0   0   0   0   0   0 164 224   0   0
    0   0 251   0   0   0   0   0   0 153   0   0   0   0   0  96  97   0
    0   0   0   0   0   0 129   0   0   0   0 141   0   0   0  80   0   0
  168   0   0   0   0   0   0   0   0   0   0  20   0   0   0   0   0   0
    0   0 166   0   0   0   0   0   0   0   0   0   0   0   0   0   0   0
  144 182   0 251 138   0   0   0   0   0   0   0   0   0   0   0   0 139
    0   0   0   0   0   0 141   0   0   0   0   0 212   0   0  65   0   0
    0   0   0 197   0   0   0   0   0 101   0   0  73   0   0   0   0   0
    0 106   0   0   0   0   0   0   0   0 138   0 100   0   0   0   0   0
    0   0   0 174   0   0 117   0   0   0  39   0   0   0   0   0   0 100
    0   0   0   0   0   0   0   0   0   0   0   0   0   0   0   0   0   0
   99   0   0   0   0   0   0   0   0  58   0  66]]
