0405year accrucy : 0.682634711265564true positive:0.58
trade > 20
avg profit of 0405 is 119.56
profit of 0405 is 
selection count is 50
[[  0   0   0   0  98   0   0   0 128   0 158 115   0   0   0  99   0  76
    0   0   0   0   0   0  94   0   0   0   0   0   0   0   0   0   0   0
   88   0   0   0   0   0   0   0   0 151   0   0  61   0   0   0   0 131
   91  97  93 112   0   0   0   0   0 173   0   0   0   0   0   0 146 112
  109 117 102   0 148  99   0   0   0 128   0   0   0   0   0   0  99   0
    0   0  87   0 109   0   0   0   0   0 132  92  91   0  52   0   0   0
  155  76  91   0   0   0   0   0 122   0   0 425   0   0   0 137   0   0
    0 113   0   0   0   0 127   0 145   0 126   0   0   0 113   0  93   0
  136   0 106   0   0 159  74   0  96   0   0 183   0   0   0   0 113   0
    0   0   0   0   0]]
0506year accrucy : 0.5617977380752563true positive:0.825
trade > 20
avg profit of 0506 is 149.125
profit of 0506 is 
selection count is 40
[[  0   0 125 235   0   0   0   0 137   0   0 173   0   0  50   0   0   0
  182   0 196   0   0  76   0 127   0   0   0   0   0   0 160   0   0   0
  219   0   0   0   0   0 134   0   0   0   0   0   0   0   0   0   0   0
    0   0 133   0   0 181 185   0   0 126   0   0 210   0  89   0   0   0
  150   0   0   0   0   0 126   0 159 129   0   0   0   0   0 181   0   0
    0 176   0   0   0   0 105 177   0 205  87   0   0   0   0 182   0   0
    0   0   0   0   0   0   0 105   0   0   0   0   0   0  86   0   0   0
    0   0   0   0   0   0   0   0   0   0 100   0   0   0   0 228   0   0
    0   0   0   0   0   0   0   0   0   0 172   0   0 216   0   0   0   0
    0   0   0   0 146 150   0 116  74 157   0   0   0   0   0   0]]
0607year accrucy : 0.7460317611694336true positive:0.2
trade > 20
avg profit of 0607 is 81.64444444444445
profit of 0607 is 
selection count is 45
[[  0 123   0   0   0   0   0  57   0   0   0   0   0   0   0  57   0   0
    0 108   0   0  59  41   0   0   0  67   0   0   0   0   0   0   0  66
   57  17   0   0   0   0   0 135 145   0   0   0   0   0   0   0  79  73
    0 201   0   0  43  85 123  40   0  70   0   0   0   0   0  54   0   0
    0   0   0   0   0   0   0   0   0   0   0  71   0  35   0   0   0  76
    0   0   0   0   0   0   0   0   0   0   0  90   0  73   0   0   0   0
    0  71   0   0 109   0   0   0   0   0   0   0   0   0  62 101   0  47
   83   0   0  65   0   0   0  78   0   0   0   0   0   0   0   0   0  40
   44   0   0   0   0   0  39   0   0   0   0   0   0   0   0  26   0  27
    0   0   0 394   0   0   0   0   0   0   0   0   0   0  85   0   0  66
    0  83   0 122   0  87   0   0   0]]
0708year accrucy : 0.5243242979049683true positive:0.8571428571428571
trade > 20
avg profit of 0708 is 147.8095238095238
profit of 0708 is 
selection count is 42
[[  0   0   0   0   0 193   0   0   0 187   0   0 162   0   0   0   0   0
    0   0   0   0 177  99   0   0   0   0   0   0   0   0   0 147   0   0
    0   0   0   0 115 111   0 125   0 147   0   0 218   0 127   0   0 149
    0   0   0 226 182   0   0   0   0   0   0  89   0 188   0   0 144 108
    0   0  94   0   0   0   0   0   0 214   0   0 104   0   0   0   0   0
    0   0   0 194   0   0  85   0   0 105   0   0   0 127   0   0 108   0
    0   0   0   0   0   0   0   0   0   0   0   0   0   0   0   0 140   0
    0   0 162 143   0 228   0  81   0   0   0   0 140   0 138   0   0 139
  193   0   0   0   0   0   0   0   0   0   0   0 204   0   0   0   0 157
    0  88   0   0   0 141   0   0   0   0   0   0 156   0   0   0   0   0
  173   0   0   0   0]]
0809year accrucy : 0.6927083134651184true positive:0.8529411764705882
trade > 20
avg profit of 0809 is 149.1764705882353
profit of 0809 is 
selection count is 34
[[172   0   0   0   0   0   0   0   0   0   0   0   0   0   0   0   0 152
  225   0   0   0   0   0   0   0   0   0   0 176  88   0   0   0   0 169
    0 163 144   0   0   0   0 114   0   0   0   0   0   0   0   0   0   0
    0   0   0   0   0   0 197   0   0   0   0   0   0   0   0   0   0   0
    0   0 156 144   0   0   0   0 203   0   0   0   0   0   0   0   0   0
  344   0   0 131   0   0   0   0   0 110   0   0   0   0   0   0   0   0
    0   0   0   0   0   0   0   0   0   0   0   0 126 136 114 173   0   0
  145   0   0   0   0   0 270   0 167   0 128   0   0   0   0 100   0   0
    0   0   0   0  87   0   0   0 113 123   0   0   0   0   0   0   0   0
    0   0 132   0   0   0   0   0   0  78   0   0 151   0   0   0   0   0
    0 126  73   0   0 142   0   0   0   0   0   0]]
0910year accrucy : 0.8264840245246887true positive:0.625
trade <  20
avg profit of 0910 is 139.95profit of 0910 is 
selection count is 16
[[  0   0   0   0   0   0   0   0   0   0   0   0   0   0   0   0   0 102
    0  51   0   0   0   0   0   0   0   0   0   0   0   0   0   0   0   0
  231   0   0   0   0   0   0   0   0   0   0   0   0   0   0   0   0   0
    0   0   0   0   0  99   0   0   0   0   0   0 158   0   0   0   0   0
    0   0   0   0   0   0   0   0   0   0   0   0   0   0   0  65   0   0
    0   0   0   0   0   0   0   0   0   0   0   0   0   0   0   0 106   0
    0   0   0   0   0   0   0   0   0   0  61   0   0 130   0   0   0   0
  119   0   0   0   0   0   0   0   0   0   0   0   0   0   0   0   0   0
    0   0   0 258   0   0   0   0   0   0   0   0   0   0   0   0   0   0
  135   0   0   0   0   0  82   0   0   0   0   0   0   0   0   0   0   0
    0   0   0 529   0   0   0   0   0   0   0   0   0   0   0   0   0   0
    0   0   0 159   0   0   0   0 114   0   0   0   0   0   0   0   0   0
    0   0   0]]
1011year accrucy : 0.7276595830917358true positive:0.4444444444444444
trade > 20
avg profit of 1011 is 106.44444444444444
profit of 1011 is 
selection count is 36
[[  0   0   0   0   0   0   0   0   0   0   0   0   0   0   0   0   0   0
    0   0   0   0   0   0   0   0   0   0   0   0   0   0   0   0   0  90
    0   0   0   0   0   0  86   0   0   0   0   0   0   0   0   0   0   0
    0 150  93   0   0   0   0   0 109   0   0   0   0   0   0   0   0   0
    0   0   0  91 198  99  83   0   0   0   0   0 103   0   0   0   0   0
    0   0   0  90 100   0   0   0   0   0   0   0  94   0   0   0 103   0
    0   0   0   0 106   0   0   0   0   0   0   0   0   0   0   0   0 119
    0   0   0   0 114   0   0 100   0   0   0   0   0   0 182   0 106   0
    0   0  50   0   0 120   0   0   0   0   0   0   0   0   0   0   0   0
    0   0   0   0   0   0 117  85   0  88   0   0   0   0   0   0   0   0
    0   0  57   0   0   0   0   0   0   0   0   0  77   0   0   0   0  74
   83   0   0   0   0 138  54   0 247   0   0   0   0   0  78   0   0   0
    0   0   0   0   0   0  91   0   0   0 105 152   0   0   0   0   0   0
    0]]
1112year accrucy : 0.8032786846160889true positive:0.6571428571428571
trade > 20
avg profit of 1112 is 118.42857142857143
profit of 1112 is 
selection count is 35
[[  0   0   0   0   0   0 118 141   0   0   0   0   0   0   0   0   0   0
    0   0   0   0   0   0   0   0   0   0   0   0   0   0   0   0   0   0
    0   0   0   0   0   0   0   0   0   0   0 104   0   0   0 102   0   0
    0   0 123   0   0   0   0   0   0   0   0   0 190   0   0 186   0   0
    0   0   0   0   0   0   0 232   0   0   0   0   0   0   0   0   0   0
    0   0   0   0  94   0   0   0   0   0   0   0 114   0 127   0   0   0
    0  99   0  97   0   0   0 138   0  71   0   0   0   0   0  17   0   0
  114   0   0   0 119   0   0   0   0   0   0   0 120   0   0 166   0   0
  138   0   0   0   0 103   0 121   0   0   0   0   0   0   0 252   0   0
    0   0   0   0   0   0   0   0   0   0   0   0 117   0   0   0   0   0
    0   0   0   0   0  70   0   0   0   0  99   0   0   0   0   0   0   0
    0  87   0 119   0   0   0 108   0   0  79   0   0 111   0   0   0   0
    0   0   0   0   0   0   0   0   0   0   0   0   0   0   0   0   0   0
   83   0   0   0   0   0   0 121  65   0]]
1213year accrucy : 0.7845528721809387true positive:0.5
trade > 20
avg profit of 1213 is 113.64285714285714
profit of 1213 is 
selection count is 28
[[  0   0   0   0   0   0   0 187   0   0   0   0   0   0   0  68   0   0
    0  52   0  84   0   0   0   0 132   0   0   0   0   0   0   0   0   0
    0   0   0   0  73   0   0   0   0   0   0   0  81 130   0   0   0   0
   93   0   0   0   0 116   0   0   0   0   0   0  92   0   0   0   0   0
    0   0   0   0   0   0   0 163   0  54   0   0   0   0   0   0   0   0
    0   0 102   0   0   0   0   0   0   0   0   0   0 114   0   0   0   0
    0  58   0   0   0   0   0   0   0   0   0   0   0   0   0  55   0   0
    0   0   0   0   0   0   0   0   0   0   0   0   0   0   0   0   0 158
    0   0   0 138   0   0   0   0   0   0   0   0   0   0   0   0   0   0
    0   0   0 155   0   0   0   0   0   0   0   0   0   0   0   0   0   0
    0   0  91   0   0   0   0   0   0   0   0   0   0   0   0   0   0   0
    0 103 263   0   0   0 134   0   0   0   0   0   0   0   0   0   0   0
    0   0   0 159   0   0   0   0   0   0   0   0  90   0   0   0   0   0
    0  97   0   0   0   0   0   0   0 140   0   0]]
1314year accrucy : 0.7460317611694336true positive:0.5862068965517241
trade > 20
avg profit of 1314 is 132.20689655172413
profit of 1314 is 
selection count is 29
[[  0   0   0   0   0   0   0  77   0   0   0   0   0   0   0 238 142 234
    0   0   0   0 206   0  67   0   0   0   0   0   0   0   0   0   0  57
    0   0  85 133   0   0   0   0   0   0   0   0   0 152 120   0   0   0
    0   0 142   0   0   0   0   0   0   0   0   0   0   0   0   0   0   0
    0   0   0   0   0   0   0   0   0   0   0   0   0   0   0   0   0   0
    0   0   0   0   0   0   0   0   0   0   0   0 108  80   0  83   0   0
    0 138   0   0   0   0   0   0   0   0   0   0   0   0   0  74   0   0
    0 159   0   0   0   0   0   0   0   0   0   0   0   0   0   0   0   0
    0   0   0   0   0   0   0   0   0   0   0   0   0   0   0   0   0   0
    0   0   0   0   0   0   0   0   0   0   0   0   0   0   0   0   0   0
    0   0   0   0   0 111   0   0   0  98  84   0   0   0   0   0   0   0
    0   0   0   0   0   0   0   0 253   0   0   0   0   0   0   0   0   0
    0 150   0   0   0   0   0 288   0   0   0   0   0   0   0   0  84   0
   92   0   0   0   0   0   0   0   0   0   0 139   0   0 139   0 101   0]]
1415year accrucy : 0.8181818127632141true positive:0.3870967741935484
trade > 20
avg profit of 1415 is 99.58064516129032
profit of 1415 is 
selection count is 31
[[  0   0   0   0   0  95   0   0   0   0   0   0   0   0   0  88   0   0
   81   0   0   0   0   0   0   0   0  77  89   0   0   0   0   0   0   0
    0   0   0   0   0   0   0   0   0  87   0   0   0   0   0   0   0  79
  117  79   0   0 137   0   0 132   0   0   0   0   0   0  87   0   0   0
    0   0   0   0   0   0   0   0   0   0  98   0   0   0   0   0  94  86
    0   0   0 140   0   0   0   0   0   0   0   0   0   0   0   0   0   0
    0  86 109   0   0   0   0   0  82   0  71   0   0   0   0   0   0   0
    0   0   0   0   0   0  70   0   0   0   0   0   0   0   0   0   0   0
    0   0  77   0   0   0   0   0   0   0   0   0   0   0   0   0   0   0
    0 140   0   0   0   0   0   0   0   0   0   0   0   0   0   0   0   0
    0 103   0   0   0   0   0   0   0   0   0   0   0   0 113   0   0   0
    0   0   0   0  91   0   0   0   0   0   0  68   0   0   0 126   0   0
    0   0   0   0   0   0   0   0   0   0 110   0   0 110   0   0   0 165
    0   0   0   0   0   0   0   0   0   0   0   0   0   0   0   0   0   0
    0   0   0   0   0   0   0   0   0   0   0   0]]
1516year accrucy : 0.7148148417472839true positive:0.7058823529411765
trade > 20
avg profit of 1516 is 146.91176470588235
profit of 1516 is 
selection count is 34
[[  0   0   0   0   0   0   0   0   0   0 151   0   0   0   0   0   0 103
    0   0   0   0   0   0  89   0   0   0   0 107   0   0   0 144   0   0
    0   0   0  95   0   0   0   0   0   0   0   0   0 136   0   0   0   0
    0   0   0   0   0   0   0   0   0   0   0   0   0   0   0   0   0   0
    0   0   0   0   0   0   0   0 183   0   0 160   0   0   0   0   0   0
    0   0   0   0   0   0   0   0   0   0   0   0   0   0   0   0   0   0
    0   0   0   0   0   0   0   0   0   0  98   0   0   0  96   0   0   0
    0   0   0   0   0   0 170   0 228   0   0   0   0   0   0   0   0  91
  101   0   0 110   0   0   0   0   0   0   0   0   0   0 102   0   0   0
    0   0   0   0   0   0   0   0   0   0   0   0   0   0   0   0   0  94
    0   0   0   0 237   0   0   0   0  91 120   0   0   0 181   0 195   0
    0   0   0 196   0   0   0   0   0   0   0 154   0   0   0   0   0   0
    0   0   0 283   0   0   0   0   0   0 175   0   0   0 103   0   0   0
    0   0   0   0   0   0   0   0   0   0  98   0   0   0   0   0 154   0
    0   0   0   0 307   0   0   0 124   0   0 151   0   0   0   0   0 168]]
1617year accrucy : 0.8514492511749268true positive:0.45
trade > 20
avg profit of 1617 is 105.325
profit of 1617 is 
selection count is 40
[[  0   0   0   0 104 137   0   0   0   0   0  81   0   0   0   0   0   0
    0   0   0   0 111   0   0   0   0 107   0   0   0   0   0   0 131   0
    0  81   0   0   0   0   0  71   0   0   0   0   0   0   0   0   0   0
    0   0   0   0  78   0   0   0   0   0 291 113   0   0   0   0   0 101
    0   0   0   0  79   0   0   0   0   0   0   0   0   0   0   0   0   0
    0   0   0   0  93   0   0   0   0   0   0   0   0   0   0   0   0   0
   84 109 109   0   0   0   0   0   0   0   0   0   0   0   0   0   0   0
    0   0 141 125   0 108   0   0   0 144   0   0 101   0   0   0   0   0
   76   0   0   0   0   0   0   0   0   0   0   0   0   0   0   0   0  54
    0   0   0   0   0   0   0   0   0  72  91   0 168   0   0   0   0  92
    0   0   0 176   0   0   0   0   0   0 121   0   0   0   0   0   0   0
    0   0   0   0   0   0   0   0   0   0   0   0   0   0   0   0   0   0
   81   0   0  92   0   0   0   0   0   0   0  45   0   0   0   0   0   0
    0  25   0  72 136   0   0   0   0   0   0   0   0   0   0 177   0   0
    0  74   0   0   0   0 100   0   0   0   0   0   0   0  62   0   0   0
    0   0   0   0   0   0]]
1718year accrucy : 0.5340909361839294true positive:0.675
trade > 20
avg profit of 1718 is 140.3
profit of 1718 is 
selection count is 40
[[  0   0 276   0   0   0   0   0   0   0   0 166   0   0   0   0   0   0
    0   0   0   0  73 231   0   0   0   0   0 132   0   0   0   0   0   0
    0   0   0   0   0 128 141   0 250   0   0   0   0   0   0   0   0   0
    0 141   0   0   0   0   0   0   0   0   0   0   0   0 164 224   0   0
    0   0 251   0   0   0   0   0   0   0   0   0   0   0   0  96   0   0
    0   0   0   0   0   0 129 144   0   0 172 141   0   0   0  80   0   0
  168   0   0   0   0   0   0   0   0   0   0  20   0   0   0   0   0   0
    0   0   0   0   0   0   0   0   0   0   0   0   0   0   0   0   0   0
    0 182   0 251   0   0   0   0   0   0   0   0   0   0   0   0   0 139
    0   0   0 150   0   0 141   0   0   0   0   0 212   0   0  65   0   0
    0   0   0 197   0   0   0  76   0 101   0   0  73   0   0   0   0   0
    0 106   0   0   0   0   0   0   0   0 138   0 100   0   0   0   0   0
    0   0   0 174   0   0 117   0   0   0  39   0   0   0   0   0   0 100
    0   0   0   0   0   0   0   0   0   0   0   0   0   0   0   0   0   0
    0   0   0   0   0   0   0   0   0  58   0  66]]
