0405year accrucy : 0.71856290102005true positive:0.59375
trade > 20
avg profit of 0405 is 120.125
profit of 0405 is 
selection count is 32
[[  0   0   0   0   0   0   0   0   0   0   0   0 125   0 121   0   0   0
    0   0   0   0   0   0   0   0   0   0   0   0   0   0   0   0   0   0
    0   0   0   0   0   0   0   0   0 151  98   0   0   0  82   0   0 131
    0   0   0   0   0   0 143   0   0   0   0   0  85   0   0   0 146 112
    0 117   0   0   0   0   0   0   0 128 142  90   0   0   0   0   0 125
    0   0  87   0 109   0   0   0  81   0   0  92  91   0   0   0 115   0
  155  76  91 131   0   0   0   0   0   0   0 425   0   0   0   0   0  83
    0   0   0   0  77   0   0   0   0   0   0   0   0   0 113   0   0   0
    0   0 106   0   0   0   0   0   0   0   0   0   0   0   0   0   0 124
   92   0   0   0   0]]
0506year accrucy : 0.483146071434021true positive:0.7222222222222222
trade > 20
avg profit of 0506 is 142.02777777777777
profit of 0506 is 
selection count is 36
[[  0   0   0   0 198   0   0   0   0   0   0   0 160   0  50   0   0   0
  182   0 196   0   0   0   0   0   0 210   0   0   0   0 160   0 208   0
    0   0 124   0   0   0   0   0   0   0   0   0   0  87   0   0   0   0
    0   0 133   0 218   0   0   0   0   0   0   0   0 158   0   0  73   0
    0   0   0   0   0   0 126   0 159   0   0   0   0 121   0   0   0 107
  117   0   0   0   0   0   0 177   0   0   0   0   0   0   0   0   0   0
    0 422   0   0   0   0   0 105 119   0   0   0   0   0   0   0   0 150
    0   0   0  87 123  78   0   0   0  79 100   0   0   0   0 228 149 124
    0   0 120   0   0   0   0   0   0  99   0   0   0   0   0   0   0   0
   72   0  94   0   0   0   0   0   0   0   0   0   0   0   0   0]]
0607year accrucy : 0.8042327761650085true positive:0.16666666666666666
trade > 20
avg profit of 0607 is 80.33333333333333
profit of 0607 is 
selection count is 30
[[  0   0   0   0   0   0   0   0   0   0   0  66   0   0   0   0   0   0
   69   0   0   0  59  41   0 108   0   0  62   0   0   0   0   0   0  66
   57   0   0  60   0   0   0 135   0  57   0   0   0   0   0   0  79   0
    0   0   0   0   0   0 123   0   0  70  54   0   0   0   0   0   0   0
    0   0   0   0   0   0   0   0   0   0   0  71   0   0   0   0   0   0
    0   0   0   0   0   0   0   0   0   0   0   0   0  73   0   0   0   0
    0  71   0   0 109   0   0   0   0   0   0   0   0   0   0   0   0   0
   83   0  17   0   0   0   0   0   0   0   0   0   0   0   0   0  43   0
    0   0   0   0   0   0  39   0   0  95   0   0   0   0   0   0   0  27
   58   0   0 394   0   0   0   0   0   0   0   0   0   0   0   0   0  66
    0  83   0   0   0   0   0   0  75]]
0708year accrucy : 0.5081080794334412true positive:0.7586206896551724
trade > 20
avg profit of 0708 is 138.27586206896552
profit of 0708 is 
selection count is 29
[[  0   0   0   0   0   0   0   0 147   0   0   0 162   0 164 116   0   0
    0   0   0   0   0  99   0   0   0   0   0   0   0   0   0 147 208   0
    0   0   0   0   0   0   0 125   0   0   0   0   0   0   0   0 143 149
    0   0   0   0   0   0   0   0   0   0   0   0   0   0   0   0   0   0
    0   0   0  79   0  95   0  97   0   0   0   0   0   0 133   0   0   0
    0   0   0 194   0 124  85   0   0   0   0   0   0   0   0   0   0   0
    0   0   0   0   0   0   0   0   0 139   0   0   0   0   0   0   0   0
    0   0 162   0   0   0   0   0   0   0   0   0   0 132   0   0   0 139
    0   0   0   0 175   0   0   0   0   0   0   0   0   0 184   0 157   0
    0  88   0   0   0   0  48   0   0   0 214   0 156   0   0   0   0   0
    0   0 149   0   0]]
0809year accrucy : 0.65625true positive:0.8148148148148148
trade > 20
avg profit of 0809 is 140.62962962962962
profit of 0809 is 
selection count is 27
[[  0   0   0   0   0   0   0   0   0   0 133   0   0   0   0   0   0   0
    0  85  95 116   0   0   0   0   0 166   0   0   0   0   0   0   0   0
  130 163   0   0   0   0   0   0   0   0   0   0   0   0   0   0   0   0
    0   0   0   0   0   0 197   0   0   0 122   0   0   0   0 186 224   0
    0   0   0   0   0   0   0   0   0   0   0   0   0   0   0   0   0   0
    0   0   0 131   0 103   0   0   0   0   0   0   0   0   0   0   0   0
    0   0   0   0   0   0   0   0   0   0   0   0 126   0 114   0 101   0
  145   0   0   0   0   0   0   0   0   0   0   0   0   0   0 100   0   0
    0   0   0   0   0   0   0   0 113   0   0   0   0   0 134 168   0   0
  116   0 132 168   0 162   0   0 270   0   0   0   0   0   0   0   0   0
    0   0   0   0  97   0   0   0   0   0   0   0]]
0910year accrucy : 0.8401826620101929true positive:0.8695652173913043
trade > 20
avg profit of 0910 is 141.17391304347825
profit of 0910 is 
selection count is 23
[[  0   0   0   0   0   0 126   0   0   0   0   0   0   0   0   0   0   0
    0   0   0   0   0   0   0   0   0   0   0   0 129   0   0   0   0   0
  231   0   0   0   0   0   0   0   0   0   0   0   0   0   0   0   0   0
    0   0   0   0   0   0   0   0   0   0   0   0 158   0   0   0   0 183
    0   0   0   0   0   0   0   0   0   0  82   0   0   0   0   0   0   0
    0   0   0   0   0   0   0   0   0   0   0   0   0   0   0   0   0   0
    0   0 117   0   0   0   0   0   0   0   0   0 162 130   0   0   0   0
    0   0 142   0   0   0   0   0   0   0 122   0 169   0   0   0   0   0
    0 139   0 258   0   0   0   0   0   0   0   0   0   0   0   0   0   0
    0   0   0   0   0   0   0   0   0   0   0   0   0   0   0   0   0   0
    0   0   0   0 183   0   0   0   0   0   0 146   0   0   0   0   0   0
    0   0 110 159   0 103   0   0 114  67   0   0   0   0   0   0 116   0
    0   0 101]]
1011year accrucy : 0.7531914710998535true positive:0.5
trade > 20
avg profit of 1011 is 109.43333333333334
profit of 1011 is 
selection count is 30
[[  0 118   0   0   0   0   0   0   0   0   0   0   0   0   0   0   0   0
    0   0   0   0   0   0   0   0   0   0   0   0   0   0   0   0   0  90
    0   0   0   0 128   0   0   0 119   0   0   0   0   0   0   0   0   0
    0   0   0   0   0   0   0   0   0   0   0   0   0   0   0   0   0   0
    0   0   0   0 198  99   0  96   0   0   0   0 103   0   0   0   0   0
    0   0   0   0   0   0   0   0   0   0   0   0   0   0   0 107 103   0
    0   0   0  77 106   0   0   0   0 132   0   0   0   0   0   0   0   0
    0   0   0   0   0   0   0   0   0   0   0   0   0   0 182   0   0   0
    0   0  50   0   0 120   0   0   0  93   0   0   0   0   0   0   0   0
    0   0   0 147   0  89   0  85   0   0   0   0   0   0   0   0   0   0
    0   0  57   0   0   0   0   0   0   0   0   0   0   0   0   0   0  74
    0   0   0   0   0   0   0   0   0   0 101   0 191   0  78   0  62   0
    0  95   0   0   0   0   0   0   0   0 105   0   0   0  69   0   0   0
  209]]
1112year accrucy : 0.8073770403862true positive:0.5
trade > 20
avg profit of 1112 is 113.78125
profit of 1112 is 
selection count is 32
[[  0   0   0   0   0   0   0   0   0   0   0   0   0   0 116   0   0   0
    0   0   0   0   0   0   0   0   0   0   0   0   0 146   0   0  87   0
    0   0   0 111  88   0   0   0   0   0   0   0   0   0   0   0   0   0
    0   0   0   0   0   0   0   0   0   0   0   0   0   0   0   0   0   0
    0   0   0   0   0 123   0 232   0   0   0 119   0   0   0   0 136  79
    0   0   0   0  94   0   0  90   0   0   0   0   0   0   0   0 139   0
    0  99   0   0   0   0   0   0   0   0   0   0   0   0   0   0   0   0
  114   0   0   0   0   0   0   0   0   0   0   0 120   0   0   0   0   0
  138   0   0   0   0   0   0   0   0   0   0   0 127   0   0 252   0   0
    0   0   0   0   0   0   0   0   0   0   0  86   0  67   0   0  52   0
    0   0   0  86   0   0   0   0   0  77  99   0   0   0 114   0   0   0
   89   0   0   0   0   0 219   0   0   0   0   0   0   0   0   0   0  80
    0   0   0   0   0   0   0   0   0   0   0   0   0   0   0   0   0   0
    0   0   0  72   0  69   0 121   0   0]]
1213year accrucy : 0.7520325183868408true positive:0.5769230769230769
trade > 20
avg profit of 1213 is 112.73076923076923
profit of 1213 is 
selection count is 26
[[  0   0   0   0   0   0   0   0   0   0   0   0   0   0   0   0   0  89
    0   0   0   0   0   0   0   0   0   0   0   0   0   0   0   0   0   0
   70   0 105   0   0   0   0   0   0  80   0   0   0 130   0   0   0   0
   93   0   0   0   0   0   0   0   0   0   0   0   0 112   0   0   0   0
    0   0   0   0   0   0   0   0   0   0   0   0   0   0   0   0   0   0
    0   0   0   0   0   0   0   0   0   0 257   0   0 114   0   0   0   0
    0   0 112   0   0  81   0   0 103   0   0   0   0   0   0  55   0   0
    0   0   0   0   0   0 110   0   0   0   0   0   0   0   0  91   0 158
    0   0   0   0   0   0 116   0   0   0   0   0   0   0   0   0   0   0
    0   0   0 155   0   0   0   0  71   0   0   0   0   0   0   0   0   0
    0 156   0   0 113   0   0   0   0   0   0   0   0   0   0   0   0   0
    0 103   0   0   0   0   0   0   0  99   0   0 221   0   0   0   0   0
    0   0   0   0   0   0   0   0   0   0   0   0   0   0   0   0   0  73
    0   0   0   0  64   0   0   0   0   0   0   0]]
1314year accrucy : 0.6984127163887024true positive:0.5384615384615384
trade > 20
avg profit of 1314 is 124.51282051282051
profit of 1314 is 
selection count is 39
[[  0   0   0  97   0   0   0   0   0 100   0   0   0   0   0 238 142 234
   89   0  82   0   0   0   0   0   0 134   0   0   0 106   0  90   0   0
  124   0   0 133   0   0   0   0   0   0   0   0   0   0   0   0   0   0
    0  97   0   0   0   0   0   0   0   0  84   0 157   0  73   0   0   0
    0   0   0   0   0   0   0   0   0   0   0  72   0   0   0   0  60   0
    0 119   0   0   0   0 150   0   0   0 237   0 108   0   0   0   0 130
    0   0   0   0   0   0   0   0   0   0   0   0   0   0 151   0   0  85
    0   0   0   0   0   0   0   0   0   0   0   0   0 103   0   0   0   0
    0   0   0   0   0  87  72   0 245   0   0   0   0   0   0   0   0   0
    0   0   0   0   0   0  91   0 145   0   0   0   0   0   0   0   0   0
    0   0   0   0   0   0   0   0   0   0  84   0   0   0   0   0   0   0
    0   0   0   0   0   0   0   0   0   0   0   0   0   0   0   0   0   0
  115   0   0   0   0 137 101 288   0   0  86   0  84 126   0   0   0   0
    0   0   0   0   0   0   0   0   0   0   0   0   0   0   0   0   0   0]]
1415year accrucy : 0.8371211886405945true positive:0.375
trade > 20
avg profit of 1415 is 103.625
profit of 1415 is 
selection count is 32
[[  0   0   0   0   0   0   0   0   0   0   0   0   0   0   0   0   0 152
   81 161   0   0   0   0   0  71   0   0   0   0   0   0   0   0  77   0
  250  87   0   0  89   0   0   0   0   0   0   0   0   0   0   0   0  79
    0   0   0   0   0   0   0   0   0   0   0   0   0   0   0   0   0   0
    0   0   0   0   0   0   0   0   0 136   0   0   0   0   0   0   0   0
    0   0   0 140   0   0   0   0   0   0  79   0   0   0 107   0   0   0
    0  86   0   0   0   0   0   0  82   0  71   0   0   0   0   0   0   0
    0   0   0   0   0   0   0   0   0   0   0   0   0   0   0   0   0   0
    0   0  77   0   0   0   0   0   0   0   0   0   0   0  86   0   0   0
    0   0   0   0   0   0   0   0   0   0   0   0   0   0   0   0   0   0
    0 103   0   0   0   0   0   0   0   0   0   0 150   0   0   0   0   0
    0 100  65   0   0  71   0   0   0 111   0  68   0  86   0   0   0   0
    0   0  85   0   0   0   0   0   0   0   0   0   0   0   0   0   0   0
    0   0   0   0   0   0   0   0   0   0   0   0   0   0   0   0   0  80
    0   0   0   0   0   0   0  88   0 141 149 108]]
1516year accrucy : 0.6703703999519348true positive:0.6
trade > 20
avg profit of 1516 is 135.625
profit of 1516 is 
selection count is 40
[[  0   0   0  84 119   0   0   0   0   0   0   0   0   0   0   0   0 103
    0   0   0   0   0   0  89   0   0   0   0 107   0   0   0   0   0   0
    0 129  64  95   0   0   0   0   0   0   0   0   0   0   0  94   0   0
    0   0   0   0   0   0   0   0   0   0   0   0   0   0 101   0   0   0
    0   0   0   0 188   0   0   0   0   0   0 160   0   0   0   0   0   0
  105   0   0   0   0   0   0   0   0   0   0   0   0   0   0   0   0   0
    0   0   0   0   0   0   0   0   0   0  98   0   0   0  96   0   0 276
    0   0   0   0   0   0 170   0 228   0   0   0 118   0   0   0   0  91
    0   0   0   0   0   0   0   0   0   0   0   0   0   0 102   0   0   0
    0   0   0  81   0  82   0 189   0   0 146   0   0  85   0   0   0   0
    0   0   0   0   0   0   0   0 276  91 120   0   0   0 181   0 195 103
    0   0   0   0   0   0   0   0   0   0   0   0   0   0   0   0   0   0
    0   0   0 283   0   0 198 139   0   0   0 101   0   0   0   0 121   0
    0   0   0   0   0   0   0   0   0   0  98   0   0   0   0   0   0 151
    0   0   0   0   0   0   0   0   0   0   0   0   0   0   0   0   0 168]]
1617year accrucy : 0.8623188138008118true positive:0.3793103448275862
trade > 20
avg profit of 1617 is 95.10344827586206
profit of 1617 is 
selection count is 29
[[  0   0   0   0   0   0   0   0   0   0   0   0   0   0   0  73  81   0
    0   0   0 105   0   0   0   0   0 107   0   0   0   0   0   0   0   0
    0   0   0   0   0   0   0  71   0   0   0   0   0   0   0   0   0   0
   74   0   0  96   0   0   0   0   0   0   0 113   0   0   0   0   0   0
    0   0   0   0   0   0   0   0   0   0   0   0   0   0   0 119   0   0
    0   0   0   0  93   0   0   0   0   0   0   0   0   0 115   0   0   0
    0   0   0   0   0   0   0   0   0   0   0   0   0   0   0   0   0   0
    0   0   0   0   0   0   0   0   0 144   0   0   0  61   0   0   0   0
   76   0   0   0 130   0   0   0  80   0   0   0   0   0   0   0   0   0
    0   0   0   0   0   0   0   0   0   0   0   0   0   0   0   0   0   0
    0   0   0 176   0   0   0   0   0   0   0   0   0   0  67   0   0   0
    0   0   0   0   0   0   0   0   0   0   0   0   0   0   0   0   0   0
    0   0   0   0   0   0   0   0  73   0   0  45   0   0   0   0   0   0
   88  25   0  72 136   0   0   0   0   0   0   0   0   0   0 177   0   0
   63   0   0   0   0   0 100   0 137   0   0   0  61   0   0   0   0   0
    0   0   0   0   0   0]]
1718year accrucy : 0.5568181872367859true positive:0.7608695652173914
trade > 20
avg profit of 1718 is 156.08695652173913
profit of 1718 is 
selection count is 46
[[  0   0 276   0   0   0   0   0   0   0   0   0 179   0   0   0   0   0
    0   0   0 156   0 231   0   0   0   0   0   0   0   0  79   0   0   0
    0   0   0   0   0   0 141   0 250   0 173   0   0   0   0   0 100   0
    0 141   0   0   0   0   0   0   0   0   0   0   0   0 164 224   0 109
    0   0 251   0   0   0   0   0   0   0   0 192   0   0   0   0   0   0
  139   0 247   0   0   0 129 144   0   0   0   0 138   0   0   0   0   0
    0   0   0   0   0   0 227   0   0   0   0   0   0   0   0  87   0   0
   85   0 166   0   0 268   0   0   0   0   0   0   0   0   0   0   0 203
  144   0   0   0   0  98   0   0 248   0   0 161   0   0  97   0   0   0
  105 116   0 150   0   0   0   0   0   0   0   0 212 211   0   0   0   0
    0   0 156 197   0   0   0  76   0 101   0   0  73   0   0   0   0   0
    0   0   0   0   0   0   0   0   0   0   0   0   0   0   0   0   0   0
    0   0   0   0   0   0 117   0  84 139   0   0   0 114   0   0   0   0
    0   0   0   0   0   0   0  82   0   0   0   0   0   0   0   0   0   0
    0   0   0   0   0   0   0   0   0   0   0   0]]
