0405year accrucy : 0.71856290102005true positive:0.59375
trade > 30
avg profit of 0405 is 119.9375
profit of 0405 is 
selection count is 32
[[  0   0   0   0   0   0   0   0   0   0   0   0 125   0 121   0   0   0
    0   0   0   0   0   0   0   0   0   0   0   0   0   0   0   0   0   0
    0   0   0   0   0   0   0   0   0 151  98   0   0   0  82   0   0 131
   91   0   0   0   0   0 143   0   0   0   0   0  85   0   0   0 146 112
  109 117   0   0   0   0   0   0   0 128 142   0   0   0   0   0   0 125
    0   0  87   0 109   0   0   0  81   0   0  92  91   0   0   0   0   0
  155  76   0 131  90   0   0   0   0   0   0 425   0   0   0   0   0  83
    0   0   0   0  77   0   0   0   0   0   0   0   0   0 113   0   0   0
    0   0 106   0   0   0   0   0   0   0   0   0   0   0   0   0   0 124
   92   0   0   0   0]]
0506year accrucy : 0.5112359523773193true positive:0.7878787878787878
trade > 30
avg profit of 0506 is 148.72727272727272
profit of 0506 is 
selection count is 33
[[  0   0   0   0 198   0   0   0   0   0   0   0 160   0  50   0   0   0
  182   0   0   0   0   0   0   0   0 210   0   0   0   0 160   0 208   0
  219   0 124   0   0   0   0   0   0   0   0   0   0  87   0   0   0   0
    0   0 133   0   0   0   0   0   0   0   0   0 210 158   0   0  73   0
    0   0   0   0   0   0 126   0 159   0   0   0   0 121   0   0   0 107
  117   0   0   0   0   0   0   0   0   0   0   0   0   0   0   0   0   0
    0 422   0   0   0   0   0 105   0   0   0   0   0   0   0   0   0 150
    0   0   0   0 123  78   0   0   0  79   0   0   0 137   0 228 149 124
    0   0 120   0   0   0   0   0   0   0   0   0   0   0   0   0   0   0
   72   0  94   0   0   0   0   0   0   0   0   0   0   0 225   0]]
0607year accrucy : 0.820105791091919true positive:0.20689655172413793
trade <  30
avg profit of 0607 is 81.43333333333334profit of 0607 is 
selection count is 29
[[  0   0   0   0   0   0   0  57   0   0   0   0   0   0   0   0   0   0
   69   0 142   0  59   0   0 108   0   0  62   0   0   0   0   0   0   0
   57  17   0  60   0   0   0 135   0  57   0   0   0   0   0   0  79   0
    0   0   0   0   0   0 123   0   0  70  54   0   0   0   0   0   0   0
    0   0   0   0   0   0   0   0   0   0   0  71   0   0   0   0   0   0
    0   0   0   0   0   0   0   0   0   0   0   0   0  73   0   0   0   0
    0   0   0   0 109   0   0   0   0   0   0   0   0   0   0   0   0   0
    0   0  17   0   0   0   0   0   0   0   0   0   0   0   0   0  43   0
    0  44   0   0   0   0  39   0   0  95   0   0   0   0   0   0   0  27
   58   0   0 394   0   0   0   0   0   0   0   0   0   0   0   0   0  66
    0  83   0   0   0   0   0   0  75]]
0708year accrucy : 0.5297297239303589true positive:0.7931034482758621
trade <  30
avg profit of 0708 is 142.83333333333334profit of 0708 is 
selection count is 29
[[  0   0   0   0   0   0   0   0 147   0   0   0 162   0 164 116   0   0
    0   0   0   0   0  99   0   0   0   0   0   0   0   0   0 147 208   0
    0   0   0   0   0   0   0   0   0   0   0   0   0   0   0 140 143 149
  134   0   0   0   0   0   0   0   0   0   0   0   0   0   0   0   0   0
    0   0   0  79   0   0   0  97   0   0   0   0   0   0   0   0   0   0
    0   0   0 194   0 124  85   0   0   0   0   0   0   0   0   0   0   0
    0   0   0   0   0   0   0   0   0 139   0   0   0   0   0   0   0   0
    0   0 162 143   0   0   0   0   0   0   0   0   0   0   0   0   0 139
    0   0   0   0 175   0   0   0   0   0   0   0 204   0 184   0 157   0
   87  88   0   0   0   0   0   0   0   0 214   0 156   0   0   0   0   0
    0   0 149   0   0]]
0809year accrucy : 0.6458333134651184true positive:0.7931034482758621
trade <  30
avg profit of 0809 is 136.9profit of 0809 is 
selection count is 29
[[  0   0   0   0   0   0   0   0   0   0 133   0   0   0   0   0   0   0
    0  85  95 116   0   0   0   0   0 166   0   0   0   0   0   0   0   0
  130 163   0   0   0   0   0   0   0   0   0   0   0   0   0   0   0   0
    0   0   0   0   0   0 197   0   0   0 122   0   0   0   0 186 224   0
    0   0   0   0   0   0   0   0   0   0   0   0   0   0   0   0   0   0
    0 147   0 131   0   0   0   0   0   0   0   0   0   0   0   0   0   0
    0   0   0   0   0   0   0   0   0   0   0   0 126   0 114   0 101   0
    0   0   0   0   0   0   0   0   0   0 128   0   0   0   0 100   0   0
    0   0   0  82   0   0   0   0 113 123   0   0   0   0 134 168   0   0
  116   0 132 168   0   0   0   0 270   0   0   0   0   0   0   0   0   0
    0   0   0   0  97   0 140   0   0   0   0   0]]
0910year accrucy : 0.8401826620101929true positive:0.8666666666666667
trade <  30
avg profit of 0910 is 119.6profit of 0910 is 
selection count is 15
[[  0   0   0   0   0   0   0   0   0   0   0   0   0   0   0   0   0   0
    0   0   0   0   0   0   0   0   0   0   0   0   0   0   0   0   0   0
  231   0   0   0   0   0   0   0   0   0   0   0   0   0   0   0   0   0
    0   0   0   0   0   0   0   0   0   0   0   0   0   0   0   0   0   0
    0   0   0   0   0   0   0   0   0   0   0   0   0   0   0   0   0   0
    0   0   0   0   0   0   0   0   0   0   0   0   0   0   0   0 106   0
    0   0   0   0   0   0   0   0   0   0   0   0 162 130   0   0   0   0
    0   0 142   0   0   0   0   0   0   0 122   0 169   0   0   0   0   0
    0 139   0 258   0   0   0   0   0   0   0   0   0   0   0   0   0   0
    0   0   0   0   0   0   0   0   0  72   0   0   0   0   0   0   0   0
    0   0   0   0   0   0   0   0   0   0   0   0   0   0   0   0   0   0
    0   0 110   0   0   0   0   0 114  67   0   0   0   0 150   0 116   0
    0   0   0]]
1011year accrucy : 0.7404255270957947true positive:0.4444444444444444
trade <  30
avg profit of 1011 is 101.33333333333333profit of 1011 is 
selection count is 27
[[  0 118   0   0   0   0   0   0   0   0   0   0   0   0   0   0   0   0
    0   0   0   0   0   0   0   0   0   0   0   0   0   0   0   0   0  90
    0   0   0   0 128   0   0   0 119   0   0   0   0   0   0   0   0   0
    0   0   0   0   0   0   0   0   0   0   0   0   0   0   0   0   0   0
    0   0   0   0   0  99   0  96   0   0   0   0 103   0   0   0   0   0
    0   0   0   0   0   0   0   0   0   0   0   0   0   0   0 107 103   0
    0   0   0  77 106   0   0   0   0   0   0   0   0   0   0   0   0   0
    0   0   0   0 114   0   0   0   0   0   0   0   0   0 182   0   0   0
    0   0  50   0   0   0   0   0   0  93   0   0   0   0   0   0   0   0
    0   0   0 147   0  89   0   0   0   0   0   0   0   0   0  56  85   0
    0   0  57   0   0   0   0   0   0   0   0   0  77   0   0   0   0  74
    0   0   0   0   0   0   0   0   0   0 101   0 191   0  78   0   0   0
    0  95   0   0   0   0   0   0   0   0 105   0   0   0   0   0   0   0
    0]]
1112year accrucy : 0.8155737519264221true positive:0.46153846153846156
trade <  30
avg profit of 1112 is 111.2profit of 1112 is 
selection count is 26
[[  0   0   0   0   0   0   0   0   0   0   0   0   0 118   0   0   0   0
    0   0   0   0   0   0   0   0   0   0   0   0   0   0   0   0  87   0
    0   0   0   0  88   0   0   0   0   0   0   0   0   0   0   0   0   0
    0   0   0   0   0   0   0   0   0   0   0   0   0   0   0 186   0   0
    0   0   0   0   0 123   0 232   0   0   0 119   0   0   0   0   0  79
    0   0   0   0  94   0   0  90   0   0   0   0   0   0   0   0   0   0
    0  99   0   0   0   0   0   0   0   0   0   0   0   0   0   0   0   0
  114   0   0   0   0   0   0   0   0   0   0   0 120   0   0   0   0   0
  138   0   0   0   0   0   0   0   0   0   0   0   0   0   0 252   0   0
    0   0   0   0   0   0   0   0   0   0   0  86   0   0   0   0  52   0
    0   0   0  86   0   0   0   0   0  77   0   0   0   0 114   0   0   0
   89   0   0   0   0   0   0 108   0   0   0   0   0   0   0   0   0  80
    0   0   0   0   0   0   0   0   0   0   0   0   0   0 164   0   0   0
    0   0   0  72   0  69   0   0   0   0]]
1213year accrucy : 0.7439024448394775true positive:0.5357142857142857
trade <  30
avg profit of 1213 is 106.9profit of 1213 is 
selection count is 28
[[  0  98   0   0   0   0 116   0   0   0 132   0   0   0   0  68   0  89
    0   0   0   0   0  81   0   0   0   0   0   0   0   0   0   0   0   0
    0   0 105   0   0   0   0   0   0  80   0   0   0 130   0  99   0   0
    0   0   0   0   0   0   0   0   0   0   0   0   0 112   0   0   0   0
    0   0   0   0   0   0   0   0   0   0   0   0   0   0   0   0   0   0
    0   0   0   0   0   0   0   0   0   0   0   0   0 114   0   0   0   0
    0   0 112   0   0  81   0   0 103   0   0   0   0   0   0  55   0   0
    0   0   0   0   0   0   0   0   0   0   0   0  72   0   0  91   0 158
    0   0   0   0   0   0 116   0   0   0   0   0   0   0   0   0   0   0
    0   0   0   0   0   0   0   0  71   0   0   0   0   0   0   0   0   0
    0 156   0   0 113   0   0   0   0   0   0   0   0   0   0   0   0   0
    0 103   0   0   0   0   0   0   0  99   0   0 221   0   0   0   0   0
    0   0   0 159   0   0   0   0   0   0   0   0   0   0   0   0   0  73
    0   0   0   0   0   0   0   0   0   0   0   0]]
1314year accrucy : 0.761904776096344true positive:0.72
trade <  30
avg profit of 1314 is 141.26666666666668profit of 1314 is 
selection count is 25
[[  0   0   0  97   0   0   0   0   0   0   0   0   0   0   0 238 142 234
   89   0   0   0   0   0   0   0   0 134   0   0   0   0   0   0   0   0
  124   0   0 133   0   0   0   0   0   0   0   0   0   0   0   0   0   0
    0   0   0   0   0   0   0   0   0   0  84   0   0 108   0   0   0   0
    0   0   0   0   0   0   0   0   0   0   0   0   0   0   0   0  60   0
    0   0   0   0   0   0   0   0   0   0 237   0   0   0   0   0   0 130
    0   0   0   0   0   0   0   0   0   0   0   0   0   0 151   0   0   0
    0   0   0   0   0   0   0   0   0   0   0   0   0   0   0   0   0   0
    0   0   0   0   0   0   0   0 245 245   0   0   0   0   0   0   0   0
    0   0   0   0   0   0   0   0 145   0   0   0   0   0   0   0   0   0
    0   0   0   0 132   0 188   0   0   0  84   0   0   0   0   0   0   0
    0   0   0   0   0   0   0   0   0   0   0   0   0   0   0   0   0   0
    0   0   0   0   0 137 101 288   0   0  86   0   0 126   0   0   0   0
    0   0   0   0   0   0   0   0   0   0   0   0   0   0   0   0   0   0]]
1415year accrucy : 0.8484848737716675true positive:0.5172413793103449
trade <  30
avg profit of 1415 is 103.96666666666667profit of 1415 is 
selection count is 29
[[  0   0   0   0   0   0   0   0  81   0   0   0   0   0   0  88   0 152
   81 161   0   0   0   0   0   0   0   0   0   0   0   0   0   0   0   0
    0   0   0   0   0   0   0   0   0   0   0   0   0   0   0   0   0  79
    0   0   0   0   0   0   0 132   0   0   0 110   0   0   0   0   0   0
    0   0   0   0   0   0   0   0   0 136   0   0   0   0   0   0   0   0
    0   0   0 140   0   0   0   0   0   0  79   0   0   0 107   0   0   0
    0   0   0   0   0   0   0   0  82   0  71   0   0   0   0   0   0   0
    0   0   0   0   0   0   0   0   0   0   0   0   0   0   0   0   0   0
    0   0   0   0   0   0   0   0   0   0   0   0   0   0  86   0   0   0
    0 140   0   0   0   0   0   0   0   0   0   0   0   0   0   0   0   0
    0 103   0   0   0   0   0   0   0   0   0   0   0   0   0   0   0   0
    0   0  65   0  91   0   0   0   0 111   0  68   0  86   0   0   0   0
    0   0  85   0   0   0   0   0   0   0 110   0   0 110 136   0   0   0
    0   0   0   0   0   0   0   0   0   0   0   0   0   0   0   0   0  80
    0   0   0   0   0   0   0   0   0 141   0 108]]
1516year accrucy : 0.6851851940155029true positive:0.6
trade > 30
avg profit of 1516 is 142.8
profit of 1516 is 
selection count is 40
[[  0   0   0  84 119   0   0   0   0   0   0   0   0   0   0   0   0 103
    0   0   0   0   0   0  89   0   0   0   0   0   0   0   0   0   0   0
    0 129  64  95   0   0   0   0   0   0   0   0   0   0   0  94   0   0
    0   0   0   0   0   0   0   0   0   0   0   0   0   0 101   0   0   0
    0   0   0   0 188   0   0   0   0   0   0 160   0   0   0   0   0   0
    0   0   0   0   0   0   0   0   0   0   0   0   0   0   0   0   0   0
    0   0   0   0   0   0   0   0   0   0  98   0   0   0  96   0   0 276
    0   0   0   0   0   0 170   0 228   0   0   0 118   0   0   0   0  91
    0   0   0   0   0   0   0   0   0   0   0   0   0   0 102   0   0   0
    0   0   0  81   0  82   0 189   0   0 146   0   0  85   0   0   0   0
    0   0   0   0   0   0   0   0 276  91 120   0   0 294 181   0 195   0
    0   0   0   0   0   0   0 118   0   0   0   0   0   0   0   0   0   0
    0   0   0 283   0   0 198 139   0   0   0 101   0   0   0   0 121   0
    0   0   0   0   0   0   0   0   0   0  98   0   0   0   0   0   0 151
    0   0   0   0   0   0   0   0   0   0   0   0 190   0   0   0   0 168]]
1617year accrucy : 0.8804348111152649true positive:0.5
trade <  30
avg profit of 1617 is 110.16666666666667profit of 1617 is 
selection count is 30
[[  0   0   0   0   0 137   0   0 108   0   0   0   0   0   0  73   0   0
    0   0   0 105   0   0   0   0   0   0   0   0   0   0   0 105   0   0
    0   0   0   0   0   0   0  71   0   0   0   0   0   0   0   0   0   0
    0   0   0  96   0   0   0   0   0 147 291 113   0   0   0   0   0   0
    0   0   0   0   0   0   0   0   0   0   0   0   0   0   0 119   0   0
    0   0   0   0  93   0   0   0   0   0   0   0   0   0 115   0   0   0
    0   0   0   0   0   0   0   0   0   0   0   0   0   0   0   0   0   0
    0   0   0   0   0   0   0   0   0 144   0   0 101  61   0   0   0   0
   76   0   0   0 130   0   0   0  80   0   0   0   0   0   0   0   0   0
    0   0   0   0   0   0   0   0   0   0  91   0   0   0   0   0   0   0
    0   0   0 176   0   0   0   0   0   0   0   0   0   0  67   0   0   0
    0   0   0   0   0   0  60   0   0   0   0   0   0   0   0   0   0   0
    0   0   0   0   0   0   0   0   0   0   0   0   0   0   0   0   0   0
    0   0   0  72 136   0   0   0   0   0   0   0   0   0   0 177   0   0
   63   0   0   0   0   0 100   0 137   0   0   0  61   0   0   0   0   0
    0   0   0   0   0   0]]
1718year accrucy : 0.5568181872367859true positive:0.7857142857142857
trade > 30
avg profit of 1718 is 152.57142857142858
profit of 1718 is 
selection count is 42
[[  0   0   0   0   0   0   0   0   0   0   0   0 179   0   0   0   0   0
    0   0   0   0  73 231 143   0   0   0   0 132   0   0  79   0   0   0
    0   0   0   0   0   0 141   0 250   0 173   0   0   0   0   0 100   0
    0   0   0   0   0   0   0   0   0   0   0   0   0   0 164   0   0   0
    0   0 251   0   0   0   0   0   0   0   0   0   0   0   0   0   0   0
  139   0 247   0   0   0   0 144   0   0   0 141   0   0   0   0   0   0
    0   0   0   0   0   0 227   0   0   0   0   0   0   0   0  87   0   0
   85   0 166   0   0 268   0 126   0   0   0   0   0   0   0   0   0 203
  144   0   0   0   0   0   0   0 248   0   0 161   0   0  97   0   0   0
    0 116   0 150   0   0   0 156   0   0   0   0 212   0   0   0   0   0
    0   0   0 197   0   0   0   0   0 101   0   0  73   0   0   0   0   0
    0   0   0   0 137   0   0   0   0   0   0   0   0   0   0   0   0   0
    0   0   0 174   0   0 117   0   0 139   0   0   0 114   0   0   0   0
    0 115   0 126   0   0   0  82   0   0   0   0   0   0   0   0   0   0
    0   0   0   0   0   0   0   0   0   0   0   0]]
